07:02	08:01	13:02	14:01	14:02	15:01	15:10	18:01	27:05	35:01	35:03	37:01	38:01	39:06	40:01	40:02	41:01	44:02	44:03	44:04	44:05	49:01	50:01	51:01	52:01	55:01	56:01	57:01	58:01
07:02	0	7	7	6	0	2	0	3	4	2	0	1	0	7	16	9	1	0	3	0	82	1	0	11	0	1	1	0	0
07:05	302	2	2	0	0	6	0	0	1	2	0	0	0	3	7	2	0	5	0	0	0	0	0	1	0	1	0	1	0
08:01	97	0	0	0	0	20	0	86	2	4	0	0	0	0	6	1	0	13	5	0	0	0	0	1	0	3	1	18	5
13:02	77	7	0	9	0	4	0	2	1	0	0	2	0	0	2	1	0	1	0	0	0	2	2	0	0	1	0	3	1
14:01	3	0	0	0	32	2	0	0	0	0	0	0	0	0	0	0	0	0	1	0	0	0	0	0	0	0	0	0	0
14:02	1	3	1	0	0	0	0	2	1	2	0	3	0	1	1	0	0	0	0	0	0	1	0	0	0	1	0	2	0
15:01	22	28	2	6	9	0	1	27	19	119	1	6	2	25	64	9	6	174	16	0	1	5	1	40	7	7	2	12	4
15:02	0	0	0	0	0	125	0	0	0	0	0	0	0	1	0	0	0	1	0	0	0	0	0	0	0	0	0	0	0
15:03	10	1	0	1	0	126	0	1	0	1	0	0	0	0	1	0	0	2	1	0	101	2	1	0	0	1	0	0	0
15:08	0	0	0	0	0	6	0	0	0	0	0	0	0	0	0	0	0	0	0	0	0	0	0	0	0	0	0	0	0
15:10	0	0	0	0	0	31	0	0	0	0	0	0	0	0	0	0	0	0	0	0	0	0	0	0	0	0	0	0	0
15:16	3	1	0	0	2	3	0	0	7	3	0	5	1	85	2	10	0	0	0	0	1	1	0	0	0	0	0	3	0
15:17	0	1	0	0	0	245	0	0	0	0	0	0	0	0	0	0	27	0	4	0	0	0	1	0	0	0	0	0	0
15:18	10	17	3	2	1	87	0	2	6	4	0	0	0	0	12	1	0	124	7	0	0	1	0	259	0	1	0	2	0
18:01	41	16	0	0	2	9	0	0	9	4	1	2	83	0	40	4	1	7	4	0	0	0	4	0	857	7	1	1	0
18:02	0	0	0	0	0	0	0	19	0	0	0	0	0	0	0	0	0	1	0	0	0	0	0	0	0	0	0	0	0
18:03	0	0	0	0	0	0	0	1	0	0	0	0	0	0	0	0	0	0	0	0	0	0	0	0	24	0	0	0	0
18:18	7	5	1	1	2	7	0	1	1	0	0	1	0	1	8	0	0	6	0	0	0	1	0	1	0	0	0	2	0
27:02	0	0	0	0	0	0	0	0	696	4	0	0	0	0	0	37	0	3	0	0	0	0	0	0	0	0	0	0	0
27:03	0	1	0	0	0	0	0	0	0	0	0	0	0	0	1	0	0	0	0	0	0	0	0	0	1	0	0	0	0
27:05	23	26	3	2	7	17	0	6	0	15	0	4	4	20	15	34	0	15	7	0	1	1	0	14	1	5	2	6	1
35:01	236	220	9	10	14	201	0	35	102	0	24	28	10	10	180	30	3	156	42	0	2	11	9	36	3	15	5	40	5
35:02	6	10	1	0	0	9	0	2	4	688	0	2	0	1	4	0	9	10	5	0	1	0	1	3	0	0	1	7	1
35:03	5	11	2	0	2	85	0	7	5	729	0	0	13	0	7	1	0	10	7	0	0	0	0	41	0	2	0	4	0
35:08	0	1	0	0	0	1	0	0	0	919	0	0	1	0	2	0	2	4	0	0	0	1	0	3	0	0	0	0	2
37:01	0	0	11	0	0	0	0	0	10	32	0	0	0	0	0	15	0	0	0	0	0	0	0	2	0	0	0	1	0
38:01	2	7	2	0	1	6	0	4	2	12	1	3	0	6	2	2	1	8	0	0	0	3	1	3	0	1	0	1	1
39:01	15	10	4	0	0	8	0	15	8	18	0	0	1432	1411	17	1	1	10	5	1	1	0	1	5	1	22	1	4	0
39:06	2	0	0	0	0	1	0	0	2	0	0	0	0	0	0	0	0	0	0	0	0	0	0	0	0	0	0	0	0
39:24	14	7	0	2	1	5	0	0	3	4	0	0	1	1	5	3	0	4	2	0	0	1	0	4	0	1	0	0	0
40:01	2	3	1	0	0	67	0	32	2	5	0	0	0	0	0	0	0	5	3	0	0	0	0	5	4	1	0	0	0
40:02	1	3	0	0	1	1	0	1	32	10	0	30	0	4	0	0	0	2	0	0	0	0	0	4	0	0	0	0	0
40:06	0	0	0	0	0	0	0	0	1	0	0	1	0	0	0	172	0	0	0	0	0	0	0	0	0	0	0	0	0
40:10	0	0	0	0	0	0	0	0	0	0	0	0	0	0	0	0	0	0	0	0	0	0	0	0	0	1	0	0	0
40:27	0	0	0	0	0	0	0	0	0	0	0	0	0	0	0	0	0	0	0	0	0	0	0	1	0	0	0	0	0
41:01	3	0	0	0	0	9	0	1	1	1	0	2	0	0	5	1	0	0	1	0	1	0	0	1	1	1	1	7	0
41:02	0	0	0	0	0	0	0	0	0	0	0	0	0	0	0	0	897	0	0	0	0	0	0	0	0	0	0	0	0
42:01	1	0	0	0	0	0	0	0	0	0	0	0	0	0	0	0	27	0	0	0	0	0	0	0	0	0	0	0	0
42:02	0	0	0	0	0	0	0	0	0	0	0	0	0	0	0	0	6	0	0	0	0	0	0	0	0	0	0	0	0
44:02	31	35	6	2	0	67	0	12	11	19	1	5	3	3	80	6	0	0	122	0	17	3	0	3	2	0	0	16	0
44:03	32	35	9	4	4	41	0	9	23	38	3	7	4	1	26	13	1	20	0	131	1	36	7	31	12	11	6	10	16
44:05	0	0	0	0	0	0	0	0	0	1	0	0	0	0	0	0	0	28	1	0	0	0	0	0	0	0	0	0	0
45:01	4	4	1	0	1	7	0	3	2	1	0	0	1	3	2	0	0	15	303	14	0	2	1479	0	0	2	0	5	0
46:01	0	0	0	0	0	104	0	0	0	0	0	0	0	3	0	0	0	0	0	0	0	0	0	0	0	0	0	0	0
47:01	150	246	17	15	21	143	0	33	81	74	6	15	6	5	113	24	2	129	34	0	2	19	11	44	7	13	4	94	1
48:01	123	80	14	134	243	50	0	24	51	27	0	17	4	6	4	3	0	33	12	0	0	2	2	9	0	4	11	14	0
49:01	2	2	2	0	0	2	0	2	1	1	0	1	1	0	0	0	0	0	2	0	0	0	1	1	1	0	1	0	2
50:01	13	21	0	1	0	24	0	2	5	5	0	2	0	1	7	2	1	31	8	0	0	32	0	6	0	1	0	1	0
51:01	55	34	5	1	6	341	0	12	12	29	62	3	5	6	40	8	172	69	651	0	0	3	0	0	54	4	2	8	2
51:05	0	0	0	0	0	0	0	0	0	1	0	0	0	0	0	0	0	0	0	0	0	0	0	0	0	0	0	0	0
51:07	0	0	0	0	0	0	0	0	0	0	0	0	0	0	0	0	0	0	0	0	0	0	0	7	0	0	0	0	0
51:08	0	0	0	0	0	0	0	0	0	0	0	0	0	0	0	0	0	0	41	0	0	0	0	3	0	0	0	0	0
52:01	0	0	0	0	0	0	0	0	0	0	0	0	0	0	0	0	0	0	1	0	0	0	0	35	0	0	0	0	0
53:01	0	0	0	0	0	0	0	0	0	621	0	0	0	0	0	0	0	0	3	0	0	0	0	0	0	0	0	0	2
54:01	0	0	0	0	0	0	0	0	0	0	0	0	0	0	0	0	0	0	0	0	0	0	0	0	0	4	80	0	0
55:01	1	2	1	0	0	0	0	1	0	2	0	0	0	0	1	0	0	1	0	0	0	0	0	0	0	0	137	2	0
55:02	0	0	0	0	0	0	0	0	0	0	0	0	0	0	0	0	0	0	0	0	0	0	0	0	0	0	1	0	0
56:01	1	0	0	0	0	1	0	0	0	4	0	0	3	2	5	0	0	1	0	0	0	0	0	0	0	415	0	0	0
57:01	11	9	2	0	1	31	0	2	6	9	1	0	1	4	40	1	3	14	9	0	2	4	1	25	1	1	2	0	1
57:03	0	0	0	0	0	0	0	0	0	0	0	0	0	0	0	0	0	0	0	0	0	0	0	0	0	0	0	15	0
58:01	0	1	0	0	0	3	0	0	2	732	0	0	1	0	0	0	1	5	2	0	0	1	0	1	1	0	0	3	0
73:01	0	1	0	0	13	0	0	0	0	1	0	56	0	0	0	1	0	0	0	0	0	0	0	4	0	0	0	0	0
81:01	6	0	0	0	0	0	0	0	0	0	0	0	0	0	0	0	0	0	0	0	0	0	0	0	0	0	0	0	0
