01:01	02:01	02:05	02:06	03:01	11:01	23:01	24:02	24:03	25:01	26:01	29:02	30:01	30:02	31:01	32:01	68:01
01:01	0	58	21	0	11	78	1	6	0	3	1	3	2	1	26	5	3
01:02	49	0	0	0	0	0	0	0	0	0	0	0	0	0	0	0	0
02:01	166	0	79	702	169	94	69	83	1	27	3	29	7	10	73	34	46
02:02	2	6	50	0	3	2	2	3	0	2	0	1	0	1	1	3	1
02:05	1	6	0	0	0	0	0	0	0	0	0	0	0	0	0	0	5
02:06	0	13	0	0	0	0	0	0	0	0	0	0	0	0	0	0	0
03:01	152	65	9	0	0	92	4	11	0	0	0	6	0	7	13	11	9
11:01	32	117	33	0	39	0	7	25	1	0	0	5	1	0	13	4	1
23:01	14	13	0	0	16	6	0	28	9	0	0	1	1	0	1	4	2
24:02	97	303	8	0	823	54	109	0	2115	8	1	10	1	5	24	24	14
25:01	2	0	0	0	0	1	0	0	0	0	834	0	0	0	1	0	0
26:01	36	77	3	0	48	14	4	13	1	5664	0	3	3	0	8	9	11
29:01	0	0	0	0	38	0	0	0	0	0	0	532	0	0	5	0	0
29:02	0	0	0	0	9	0	0	0	0	0	0	0	0	0	0	1	0
30:01	0	1	0	0	0	0	0	0	0	0	0	0	0	0	0	1	5
30:02	6	39	2	1	16	4	11	8	0	0	0	2	1	0	2	1	0
30:04	30	50	1	0	37	11	451	16	0	8	0	5	1	0	11	7	14
31:01	7	11	0	0	12	2	0	5	0	0	0	1	0	0	0	2	3
32:01	15	37	2	0	1	3	8	2	0	0	0	1	1	2	0	0	5
33:01	0	0	0	0	0	0	0	0	0	0	0	0	0	0	1170	0	0
33:03	17	33	4	0	4	7	1	6	0	0	0	0	2	55	913	2	1
34:02	38	76	2	0	54	19	1	19	0	2	0	6	1	1	24	9	11
36:01	3	8	1	0	3	1	4	1	0	0	1	0	3	0	0	2	1
66:01	0	2	0	0	2	0	0	2	0	827	334	0	0	1	1	2	0
66:02	0	0	0	0	0	0	0	0	0	0	0	0	0	0	0	0	1
68:01	6	200	1	3	9	7	1	9	0	0	1	1	1	0	8	4	0
68:02	0	0	0	0	1	0	1	1	0	0	0	0	4	0	0	0	1110
69:01	2	233	0	0	1	0	0	0	0	0	0	0	3	0	0	0	348
74:01	3	8	2	1	5	2	7	7	1	1	1	2	4	7	4	3	11
74:03	0	0	0	0	0	0	0	0	0	0	0	0	0	0	0	52	0
80:01	0	1	6	0	0	0	2	0	0	0	0	0	1	1	0	1	0
