01:02	02:02	03:03	03:04	04:01	05:01	06:02	06:06	07:01	07:02	07:04	08:02	12:02	12:03	14:02	15:02	16:01	17:01
01:02	0	17	15	26	21	12	7	0	36	27	5	3	1	8	1	63	3	0
02:02	14	0	2	6	8	2	1	0	13	8	1	4	1	0	0	1	5	0
02:10	0	137	0	0	0	0	0	0	0	0	0	0	0	0	0	0	0	0
03:02	1	0	672	149	1	0	0	0	0	0	0	0	2	0	0	0	0	0
03:03	3	5	0	183	9	15	8	0	18	15	2	2	1	1	0	4	3	0
03:04	12	9	259	0	31	21	20	0	38	30	5	5	1	8	2	11	2	2
03:05	0	0	1	13	0	0	0	0	0	0	0	0	0	0	0	0	0	0
03:10	0	0	20	42	0	0	0	0	0	0	0	0	0	0	0	0	0	0
04:01	0	51	5	9	0	97	6	0	49	13	3	4	44	1	0	3	47	238
04:03	0	0	0	0	4	0	0	0	9	0	0	0	0	0	0	0	0	0
05:01	0	2	0	2	1	0	1	0	8	1	1	7	0	0	0	1	0	1
06:02	3	1	0	2	15	4	0	3483	62	2	0	5	1	9	0	1	0	0
07:01	3	8	2	1	1	0	0	0	0	24	1	1	1	0	1	0	0	4
07:02	0	0	0	3	14	0	2	0	22	0	0	1	0	0	0	0	0	0
07:04	0	17	1	4	5	2	3	0	6	22	0	0	1	0	1	5	0	0
08:01	0	0	0	0	0	241	0	0	1	0	0	294	0	0	0	0	0	0
08:02	0	0	0	0	0	113	1	0	5	0	0	0	0	0	0	1	0	0
08:03	0	0	0	0	0	35	0	0	0	0	0	287	0	0	0	0	0	0
12:03	0	1	0	5	23	5	33	0	5	6	0	0	0	0	0	52	1	0
14:02	7	18	16	39	18	26	50	1	43	46	7	7	11	5	0	4	7	0
14:03	0	0	0	0	0	0	0	0	0	0	0	0	0	0	108	0	0	0
15:02	2	10	678	87	3	1	1	0	1	2	0	2	2	2	1	0	272	1
15:04	0	0	0	0	0	0	0	0	0	0	0	0	0	0	0	80	0	0
15:05	0	0	3	1	2	1	1	0	1	1	0	0	0	0	0	395	1	0
15:11	0	146	0	0	0	0	0	0	0	0	0	0	0	0	0	0	0	0
16:01	0	0	2	12	4	2	0	0	0	0	1	0	0	1	0	0	0	6
16:02	0	0	1	0	0	0	0	0	0	0	0	0	1	0	1	0	563	0
16:04	0	0	0	0	0	0	0	0	0	0	0	0	0	0	0	0	199	0
17:01	0	0	0	0	1	0	5	0	0	0	0	0	0	0	0	0	0	0
18:01	0	0	0	0	9	8	0	0	0	1	0	0	0	0	0	0	0	0
