07:02	08:01	13:02	14:01	14:02	15:01	15:10	18:01	27:05	35:01	35:03	37:01	38:01	39:06	40:01	40:02	41:01	44:02	44:03	44:04	44:05	49:01	50:01	51:01	52:01	55:01	56:01	57:01	58:01
07:02	0	8	6	2	0	3	0	3	4	4	0	1	1	12	11	5	1	1	3	0	83	2	0	9	0	4	1	1	0
07:05	320	1	0	0	0	0	0	0	2	0	0	0	0	1	0	0	1	0	0	0	0	3	0	0	0	1	0	0	0
08:01	80	0	0	0	0	18	0	96	0	2	0	0	0	0	4	1	0	14	5	0	0	0	0	1	7	4	0	28	5
13:02	35	4	0	6	0	2	0	0	0	0	0	2	0	0	0	0	2	0	0	0	0	1	1	0	0	0	0	0	0
14:01	0	1	1	0	51	0	0	0	1	0	0	0	0	0	0	0	0	0	0	0	1	0	0	0	0	0	0	1	0
14:02	1	3	0	1	0	0	0	0	0	2	0	0	2	0	0	1	0	0	1	0	0	0	0	0	0	0	0	1	0
15:01	12	22	0	2	7	0	1	25	7	211	0	4	3	12	47	3	10	147	6	0	1	1	3	9	6	0	1	3	2
15:02	0	0	0	0	0	137	0	0	0	0	0	0	0	0	0	0	0	1	0	0	0	0	0	1	0	0	0	0	0
15:03	27	24	2	1	0	14	0	3	8	8	0	1	0	1	13	3	3	12	7	0	107	2	1	5	1	1	0	3	1
15:08	0	0	0	0	0	5	0	0	0	0	0	0	0	0	0	0	0	0	0	0	0	0	0	0	0	0	0	0	0
15:10	0	0	0	0	0	45	0	0	0	0	0	0	0	0	0	0	0	0	1	0	0	0	0	0	0	0	0	0	0
15:16	35	20	1	1	2	13	0	1	7	3	1	5	1	0	14	3	0	7	4	0	1	2	0	3	0	0	0	3	0
15:17	18	24	1	1	5	101	6	5	7	13	0	3	4	0	10	3	29	13	6	0	0	3	1	3	2	6	0	7	0
15:18	37	15	5	0	3	91	0	8	18	4	0	5	4	1	26	3	2	155	14	0	1	0	1	131	0	2	2	12	2
18:01	59	16	0	0	3	16	0	0	8	8	1	1	81	0	12	5	1	4	8	0	0	1	2	3	734	8	2	0	0
18:02	0	0	0	0	0	0	0	20	0	0	0	0	0	0	0	0	0	0	0	0	0	0	0	0	0	0	0	0	0
18:03	0	1	0	0	0	0	0	4	0	6	0	0	0	0	5	0	0	3	2	0	0	0	0	0	3	0	0	0	0
18:18	0	0	0	0	0	0	0	44	0	0	0	0	0	0	0	0	0	0	0	0	0	0	0	0	0	0	0	0	0
27:02	0	0	0	0	2	0	0	0	669	23	0	0	5	4	0	3	0	3	0	0	0	0	0	0	0	3	2	14	2
27:03	0	1	0	0	0	0	0	1	0	0	0	0	0	0	0	0	0	0	0	0	0	0	0	0	1	0	0	0	0
27:05	27	20	2	2	3	23	0	8	0	16	0	1	3	2	18	8	0	16	6	1	1	1	0	19	3	5	0	9	1
35:01	8	9	2	0	0	1283	0	6	5	0	8	2	7	9	35	2	2	13	11	0	0	1	1	6	1	0	2	8	5
35:02	10	13	0	1	0	15	0	0	5	681	1	1	0	0	5	0	9	6	6	0	0	1	2	3	0	0	0	3	1
35:03	144	135	14	11	17	190	0	44	59	773	0	17	20	13	95	9	2	127	52	0	1	9	2	59	3	16	5	33	2
35:08	0	2	1	0	0	0	0	0	0	929	0	0	1	0	2	0	2	4	0	0	0	0	0	1	0	0	0	1	0
37:01	4	0	11	0	0	0	0	1	3	3	0	0	0	0	0	13	0	0	0	0	0	0	0	3	0	0	0	0	0
38:01	0	1	2	0	1	3	0	3	2	9	1	3	0	7	0	0	1	6	1	0	0	0	0	2	0	0	0	2	1
39:01	51	30	7	3	2	37	0	30	19	24	0	2	1185	1417	37	4	0	40	14	0	1	4	2	16	2	10	3	12	1
39:06	0	1	0	0	0	0	0	0	1	0	0	0	0	0	2	0	0	0	0	0	0	0	0	0	0	0	0	0	0
39:24	13	7	0	2	2	5	0	0	3	4	0	0	0	1	5	3	0	4	2	0	0	1	0	4	0	1	0	0	0
40:01	2	2	1	0	0	55	0	5	0	11	0	0	0	0	0	1	0	21	3	0	0	0	0	7	1	0	0	0	0
40:02	7	6	0	0	0	4	0	2	23	2	0	23	0	5	3	0	0	5	0	1	0	0	0	6	0	0	1	2	1
40:06	0	0	0	0	0	0	0	0	1	0	0	0	0	0	0	158	0	0	0	0	0	0	0	0	0	0	0	0	0
40:10	0	0	0	0	1	0	0	0	0	0	0	0	0	0	0	0	0	0	0	0	0	0	0	0	0	0	0	0	0
41:01	0	0	0	0	0	0	0	0	0	1	0	0	0	0	0	0	0	0	0	1	1	0	0	0	0	0	0	1	0
41:02	0	0	0	0	0	0	0	0	0	0	0	0	0	0	0	0	897	1	0	0	0	0	0	0	0	0	0	0	0
42:01	1	0	0	0	0	0	0	0	0	0	0	0	0	0	0	0	31	0	0	0	0	0	0	0	0	0	0	0	0
42:02	0	0	0	0	0	0	0	0	0	0	0	0	0	0	0	0	29	0	0	0	0	0	0	0	0	0	0	0	0
44:02	43	72	0	1	2	75	0	10	11	24	1	2	2	2	113	5	1	0	5	0	16	2	2	12	0	0	0	22	1
44:03	43	44	11	5	7	50	0	19	28	40	2	10	3	1	39	15	1	31	0	117	1	24	5	23	14	11	8	16	9
44:05	0	0	0	0	0	0	0	0	0	1	0	0	0	0	0	1	0	28	1	0	0	0	0	1	0	0	0	0	0
45:01	2	0	1	0	1	7	0	3	2	2	0	0	0	1	3	0	0	13	291	38	0	2	1566	1	0	1	0	6	0
46:01	0	0	0	0	0	105	0	0	0	0	0	0	0	0	0	0	0	0	0	0	0	0	0	0	0	0	0	0	0
47:01	134	223	17	15	21	144	0	32	72	61	4	15	6	5	111	23	2	124	33	1	2	20	10	43	80	11	4	85	1
48:01	152	27	18	43	334	24	0	33	16	3	4	27	4	7	34	17	1	65	16	0	0	5	3	16	3	10	3	9	0
49:01	2	1	2	0	0	0	0	0	0	1	0	1	1	0	0	0	1	0	4	0	0	0	0	3	1	0	2	0	1
50:01	14	22	0	1	0	23	0	4	5	6	0	0	0	1	10	2	1	10	35	0	0	5	0	8	0	1	0	3	0
51:01	33	25	1	1	3	337	0	8	4	11	44	1	1	3	57	6	235	78	645	0	0	6	0	0	29	5	2	19	0
51:05	0	0	0	0	0	0	0	0	0	1	0	0	0	0	0	0	0	0	0	0	0	0	0	0	0	0	0	0	0
51:07	0	0	0	0	0	0	0	0	0	0	0	0	0	0	0	0	0	0	0	0	0	0	0	17	0	0	0	0	0
51:08	0	0	0	0	0	0	0	0	0	0	0	0	0	0	0	0	0	0	46	0	0	0	0	3	0	0	0	0	0
52:01	0	0	0	0	0	0	0	0	0	0	0	0	0	0	0	0	0	0	1	0	0	0	0	32	0	0	0	0	0
53:01	0	0	0	0	0	0	0	0	0	618	0	0	0	0	0	0	0	0	3	0	0	0	0	0	0	0	0	0	2
54:01	0	0	0	0	0	0	0	0	0	0	0	0	0	0	0	0	0	0	0	0	0	0	0	0	0	4	79	0	0
55:01	2	2	1	0	0	0	0	1	0	2	0	0	0	0	1	1	0	1	0	0	0	0	0	0	1	0	144	2	0
55:02	0	0	0	0	0	0	0	0	0	0	0	0	0	0	0	0	0	0	0	0	0	0	0	0	0	0	1	0	0
56:01	0	0	0	0	0	0	0	0	0	2	0	0	4	2	5	0	0	1	0	0	0	0	0	0	0	374	0	0	0
57:01	4	3	0	0	0	7	0	0	0	5	0	0	0	2	5	0	0	7	1	0	0	3	0	4	0	0	0	0	1
57:03	0	0	0	0	0	0	0	0	0	0	0	0	0	0	0	0	0	0	0	0	0	0	0	0	0	0	0	14	0
58:01	0	1	0	1	0	4	0	0	2	735	0	0	1	0	0	0	1	5	1	0	0	0	0	1	1	0	0	3	0
73:01	14	10	1	1	15	3	0	0	5	3	0	1	1	2	3	0	0	9	3	0	0	0	1	3	1	0	1	1	0
81:01	6	0	0	0	0	0	0	0	0	0	0	0	0	0	0	0	0	0	0	0	0	0	0	0	0	0	0	0	0
