02:01	02:02	03:01	03:02	03:03	03:05	04:02	05:01	05:02	05:03	06:01	06:02	06:03	06:04	06:09
02:01	0	139	1345	467	375	0	290	803	11	152	2	1550	640	108	1
02:02	1817	0	406	163	52	0	163	478	1	31	1	1478	396	46	0
03:01	619	226	0	2360	704	3	271	715	100	1732	23	1932	474	217	0
03:02	1441	163	211	0	37	10	356	250	1	497	4	1104	538	46	0
03:03	403	109	1508	384	0	0	482	198	814	96	8	724	620	134	1
03:04	2	0	96	420	0	0	0	1	0	0	0	7	1	3	0
03:19	9	0	1	0	1	0	0	0	0	0	0	11	2	1	0
04:02	171	23	33	136	12	0	0	108	0	28	1	175	123	83	2
05:01	355	159	354	527	173	1	54	0	4	57	12	780	876	68	49
05:02	18	34	316	21	193	0	5	28	0	21	40	53	60	6	1
05:03	101	37	390	1179	82	0	194	429	5	0	2	483	102	35	0
05:04	4	527	3	0	0	0	1	1	0	4	0	0	2	0	0
06:01	72	66	40	76	18	0	6	20	1	9	0	40	17	6	0
06:02	322	79	522	565	157	0	151	408	12	426	5	0	731	268	0
06:03	738	126	870	507	253	1	526	187	42	213	2	3059	0	112	0
06:04	271	43	287	63	44	0	46	42	3	53	0	974	997	0	3
06:09	218	5	58	35	16	0	0	13	2	0	0	133	24	4	0
