01:01	03:01	04:01	04:02	04:03	04:04	04:05	04:07	07:01	08:01	10:01	11:01	11:03	11:04	12:01	13:01	13:02	13:03	14:01	14:04	15:01	15:02	16:01
01:01	0	86	34	1	0	38	1	13	42	33	9	20	0	0	10	46	34	1	13	0	153	1	7
01:02	520	159	72	6	4	55	0	11	447	64	24	20	1	0	26	62	69	9	16	0	181	4	7
01:03	3088	6	22	1	0	21	0	4	35	22	11	17	1	0	5	27	22	1	5	0	37	0	5
03:01	29	0	39	4	0	38	0	3	73	11	5	17	0	0	12	20	19	0	4	0	78	0	3
03:02	3	1	0	0	0	0	0	0	1	57	0	0	0	0	0	0	0	0	0	0	0	0	0
04:01	417	390	0	65	268	20466	1	214	490	193	47	41	0	1	100	219	247	12	52	0	612	16	17
04:02	0	1	96	0	0	46	0	0	1	15	0	1	0	0	0	0	1	0	0	0	1	0	0
04:03	12	16	978	4	0	400	0	36	13	13	4	5	2	0	1	9	5	0	4	0	14	2	0
04:04	17	123	264	87	3	0	0	1	25	45	3	6	0	0	7	14	10	1	3	0	21	0	0
04:05	4	16	164	6	1	1092	0	15	18	5	1	3	1	0	4	4	8	1	2	0	10	1	0
04:06	8	2	9	0	0	5	0	1	24	95	1	0	0	0	5	1	2	0	2	0	10	1	0
04:07	24	32	1209	1	1	90	0	0	24	13	5	1	0	0	5	14	9	1	6	0	40	0	1
04:08	4	3	1279	0	1	58	0	115	5	0	0	0	0	0	1	2	1	0	0	0	3	0	0
04:10	1	2	3	0	0	2	0	0	6	52	0	0	0	0	0	0	0	0	0	0	0	1	0
07:01	10	14	56	0	0	14	3	13	0	7	0	3	0	0	4	1	3	2	1	0	8	0	1
08:01	5	0	2	0	0	10	0	0	7	0	1	2	0	0	1	1	3	3	0	0	3	0	2
08:02	0	0	0	0	0	0	0	0	0	209	0	0	0	0	0	0	0	0	0	0	0	0	0
08:03	31	24	45	0	1	25	0	3	265	12	4	275	3	2	6	26	21	1	4	0	49	5	1
08:04	0	0	0	0	0	0	0	0	0	215	0	0	0	0	0	0	0	34	0	0	0	0	0
08:10	1	10	9	0	0	3	0	1	4	4	0	69	1	1	1	1	1	0	1	0	9	0	0
09:01	252	292	159	3	2	175	5	24	1927	178	23	583	6	7	39	127	127	7	65	0	361	11	577
10:01	10	2	0	0	0	0	0	0	0	0	0	0	0	0	0	2	0	0	1	0	10	0	0
11:01	105	226	93	3	0	116	3	62	155	37	6	0	1439	1035	32	66	56	18	29	0	97	7	27
11:02	1	4	1	0	0	1	0	2	38	0	0	21	420	0	1	1	0	0	1	0	7	0	0
11:03	0	0	0	0	0	0	2	0	0	0	0	34	0	0	0	0	0	0	0	0	0	0	0
11:04	2	10	4	1	0	2	4	0	6	2	1	1511	21	0	4	24	3	1	0	0	7	0	1
11:12	0	0	0	0	0	0	0	0	0	0	0	0	0	0	1	0	0	0	0	0	0	0	0
12:01	24	33	20	0	1	20	0	4	31	19	1	30	7	2	0	30	10	5	3	0	44	0	0
12:02	17	17	11	0	0	19	0	1	30	5	4	117	0	0	1	6	6	2	5	0	9	1	3
13:01	218	3572	117	3	0	115	0	16	110	62	13	39	1	3	31	0	111	6	42	2	682	2	3
13:02	99	302	54	3	1	60	0	8	110	51	8	21	0	0	20	73	0	2	12	0	131	4	9
13:03	1	1	0	0	0	1	1	1	6	2	0	0	0	0	0	0	2	0	0	0	0	0	0
13:05	0	0	0	0	0	0	0	0	0	0	0	4	0	0	0	0	0	0	0	0	0	0	0
13:17	0	0	1	0	0	1	0	0	0	7	0	0	0	0	0	0	0	0	0	0	0	0	0
14:01	112	106	32	1	0	46	0	7	78	56	13	18	1	1	15	64	42	221	0	175	272	2	9
14:02	0	2	0	0	0	0	0	0	1	1	0	0	0	0	0	0	0	0	0	0	0	0	0
14:04	0	0	0	0	0	0	0	0	0	0	0	0	0	0	0	0	0	0	33	0	0	0	0
14:06	4	11	2	0	1	5	0	0	2	2	1	1	1	0	0	1	1	0	0	0	7	0	1
15:01	40	45	10	1	2	9	0	0	87	9	5	4	0	0	2	93	65	0	9	1	0	14	5
15:02	20	7	3	0	0	3	0	0	33	1	1	0	0	0	0	1	5	0	16	0	7	0	0
15:03	0	3	1	0	0	1	0	0	4	0	0	0	0	0	0	0	2	1	0	0	3	0	0
16:01	8	11	3	0	1	4	0	1	125	1	2	12	0	1	0	4	4	2	5	0	7	33	0
16:02	10	10	3	1	1	1	0	0	50	6	1	5	0	0	1	6	6	3	13	0	10	4	36
