01:01	02:01	02:05	02:06	03:01	11:01	23:01	24:02	24:03	25:01	26:01	29:02	30:01	30:02	31:01	32:01	68:01
01:01	0	55	2	0	16	22	1	26	0	4	0	4	3	0	10	5	5
01:02	6	0	0	0	0	0	0	0	0	0	0	0	0	0	0	0	0
02:01	164	0	6	1042	148	127	62	59	5	27	5	19	6	7	173	26	53
02:02	1	3	60	0	2	0	1	1	0	1	0	1	0	1	1	2	0
02:05	0	9	0	0	0	0	0	0	0	0	0	0	0	0	0	0	3
02:06	0	17	0	0	0	0	0	0	0	0	0	0	0	0	0	0	0
03:01	28	52	4	0	0	85	3	5	0	0	0	2	0	2	46	3	0
11:01	27	95	0	0	40	0	6	39	0	1	1	3	0	0	4	3	1
23:01	17	8	0	0	1	0	0	46	20	0	0	0	0	0	1	0	0
24:02	83	293	2	0	908	49	422	0	3346	8	2	7	3	3	30	26	10
25:01	0	2	0	0	0	1	0	0	0	0	561	0	0	0	0	0	0
26:01	34	74	2	0	43	14	4	13	4	3897	0	2	2	0	5	9	9
29:01	0	0	0	0	0	0	0	0	0	0	0	576	0	0	0	0	0
29:02	0	0	0	0	4	0	0	0	0	0	0	0	0	0	0	9	0
29:10	0	0	0	0	0	0	0	0	0	0	0	2	0	0	0	0	0
30:01	2	8	0	0	2	1	0	0	0	0	0	0	0	0	0	1	5
30:02	8	35	0	0	11	4	1	10	0	2	1	1	1	0	2	1	0
30:04	29	45	1	1	25	9	7	8	0	28	0	5	3	460	13	5	5
31:01	5	11	0	0	2	0	0	3	0	0	0	0	0	0	0	0	3
32:01	14	33	0	0	3	6	7	9	0	0	0	3	0	1	3	0	5
33:01	0	0	0	0	0	0	0	1	0	0	0	0	0	0	1174	0	0
33:03	24	55	0	1	3	1	1	4	0	0	0	0	0	0	967	1	2
34:02	38	71	1	0	68	24	1	17	1	1	1	7	1	1	20	8	6
36:01	1	2	0	0	0	0	0	1	0	0	0	0	0	0	21	0	0
66:01	1	0	0	0	0	0	0	1	0	417	747	0	0	0	1	0	0
66:02	0	0	0	0	0	0	0	0	0	0	0	0	0	0	0	0	1
68:01	7	404	1	3	13	14	5	4	0	0	2	4	2	0	6	8	0
68:02	0	1	0	0	1	0	0	0	0	0	0	0	2	0	0	0	1107
69:01	2	129	0	0	1	0	0	1	0	0	0	0	3	0	0	0	460
74:01	0	3	0	0	0	0	0	0	0	0	0	0	0	0	0	57	6
74:03	0	0	0	0	0	0	0	0	0	0	0	0	0	0	0	51	0
80:01	0	3	4	0	0	0	1	0	0	1	0	0	1	1	0	0	0
