01:01	03:01	04:01	04:02	04:03	04:04	04:05	04:07	07:01	08:01	10:01	11:01	11:03	11:04	12:01	13:01	13:02	13:03	14:01	14:04	15:01	15:02	16:01
01:01	0	82	38	1	0	41	1	13	50	33	5	20	0	0	10	40	35	3	15	0	167	1	7
01:02	309	208	99	7	5	81	1	17	280	80	174	31	1	1	30	87	81	12	26	2	238	3	9
01:03	3239	0	3	0	0	6	0	2	5	4	1	19	1	0	3	4	3	0	0	0	9	0	0
03:01	34	0	45	4	0	57	0	4	61	13	5	16	1	0	18	23	33	9	6	1	88	0	3
03:02	6	5	0	0	0	3	0	0	2	43	1	0	0	0	1	0	1	0	0	0	0	0	0
04:01	303	254	0	51	281	18173	1	206	357	153	32	30	4	3	68	162	163	33	35	3	495	10	15
04:02	3	3	97	0	0	36	0	0	6	182	0	1	0	0	0	0	2	1	0	1	1	0	0
04:03	14	21	1002	5	0	375	0	21	15	17	5	6	1	0	1	9	7	2	1	0	25	3	0
04:04	6	42	346	86	8	0	0	1	20	52	1	0	0	0	1	6	1	5	4	0	8	0	0
04:05	11	16	247	5	1	1018	0	1	22	9	2	4	0	1	1	7	7	8	2	0	14	1	0
04:06	2	1	10	0	0	40	0	0	20	86	0	0	0	0	1	0	1	1	0	0	2	0	0
04:07	6	12	620	0	1	72	1	0	14	3	3	0	0	0	0	5	3	5	2	1	8	0	0
04:08	0	1	1297	1	1	57	0	24	1	1	0	0	0	0	0	0	0	1	0	0	0	0	0
04:10	3	0	0	0	0	2	0	0	4	53	0	0	0	0	0	0	5	0	1	0	5	1	0
07:01	10	16	152	2	0	32	5	18	0	9	1	3	1	0	3	5	1	9	0	0	15	0	0
08:01	1	2	4	0	0	18	0	0	2	0	0	1	0	0	1	0	2	15	0	0	2	0	0
08:02	0	0	0	0	0	5	0	0	1	180	0	0	0	0	0	0	0	1	0	0	0	0	0
08:03	35	9	118	0	1	57	0	3	259	6	1	274	19	2	6	21	7	3	3	0	29	6	0
08:04	0	0	0	0	0	0	0	0	0	214	0	0	0	0	0	0	0	34	0	0	0	0	0
08:10	0	5	2	0	0	6	0	1	0	0	0	58	3	0	0	0	1	0	0	0	5	0	0
09:01	193	183	145	3	0	174	2	13	2903	123	14	760	4	8	26	89	103	11	41	2	224	8	74
10:01	29	5	4	1	0	3	0	2	10	3	0	2	0	0	1	8	3	0	5	0	20	2	1
11:01	89	297	109	4	1	121	2	58	150	46	9	0	1459	1043	37	59	48	48	28	6	118	5	24
11:02	1	5	3	0	0	2	0	3	37	0	0	215	224	2	0	1	0	2	2	0	6	0	0
11:03	0	0	0	0	0	0	2	0	0	0	0	32	0	0	0	0	0	0	0	0	0	0	0
11:04	1	11	2	1	0	3	4	0	5	0	0	1530	19	0	6	24	2	2	0	0	0	0	2
12:01	30	24	13	0	0	10	0	2	21	12	2	33	5	3	0	19	6	106	2	0	29	0	1
12:02	19	14	5	0	0	65	0	0	19	57	2	27	0	0	0	8	4	2	6	0	13	0	0
13:01	188	3566	96	1	0	117	0	16	104	73	13	40	1	5	21	0	105	14	51	3	579	3	7
13:02	42	204	22	1	0	12	0	1	27	9	2	2	0	0	3	15	0	6	4	0	43	0	1
13:03	0	1	1	0	0	1	0	0	2	1	0	0	1	0	0	4	2	0	0	1	0	0	0
13:05	0	0	0	0	0	0	0	0	0	0	0	4	0	0	0	0	0	0	0	0	0	0	0
13:17	0	0	1	0	0	1	0	0	0	7	0	0	0	0	0	0	0	0	0	0	0	0	0
14:01	64	40	26	0	0	26	0	3	44	23	9	10	0	0	9	31	22	531	0	217	291	2	5
14:02	0	4	0	0	0	0	0	0	1	0	0	0	0	0	0	0	0	0	0	0	0	0	0
14:04	0	0	0	0	0	0	0	0	0	0	0	0	0	0	0	0	0	0	31	0	0	0	0
14:06	4	21	2	0	1	4	0	0	2	1	0	1	0	0	0	2	0	0	0	0	4	0	1
15:01	57	31	17	1	2	12	0	0	98	11	20	5	0	0	3	96	62	10	9	2	0	14	6
15:02	37	5	1	0	0	1	0	0	61	2	0	0	0	0	0	3	5	0	10	1	3	0	0
15:03	0	2	1	0	0	1	0	0	3	0	0	0	0	0	0	0	3	1	0	0	3	0	0
16:01	11	6	1	0	0	4	0	0	162	4	1	14	0	1	0	2	3	2	6	0	4	14	0
16:02	7	8	4	0	1	0	0	0	17	4	0	3	0	0	2	4	5	4	6	0	7	3	50
