01:02	02:02	03:03	03:04	04:01	05:01	06:02	06:06	07:01	07:02	07:04	08:02	12:02	12:03	14:02	15:02	16:01	17:01
01:02	0	5	15	14	8	6	4	0	20	3	1	0	0	1	4	31	2	0
02:02	14	0	2	6	6	2	1	0	11	8	1	4	1	1	0	1	6	0
02:10	0	137	0	0	0	0	0	0	0	0	0	0	0	0	0	0	0	0
03:02	0	0	755	63	3	0	0	0	0	2	0	0	0	0	0	0	0	0
03:03	0	4	0	1160	3	1	0	0	1	0	1	0	0	0	0	0	0	0
03:04	1	3	617	0	18	4	1	0	6	0	0	0	1	2	1	7	0	0
03:05	0	0	0	11	0	0	0	0	0	0	0	0	0	0	0	0	0	0
03:10	0	0	283	135	0	0	0	0	0	0	0	0	0	1	0	0	0	0
04:01	0	55	5	42	0	43	5	0	47	20	1	10	43	1	0	3	192	24
04:03	0	0	0	0	0	0	0	0	8	0	0	0	0	0	0	0	0	0
05:01	0	2	0	6	0	0	1	0	19	2	1	25	0	0	0	0	0	0
06:02	0	1	0	1	4	2	0	3476	75	1	1	6	0	11	4	0	3	0
07:01	2	8	1	4	5	1	1	0	0	24	1	1	0	0	0	0	0	2
07:02	0	0	0	3	14	0	1	0	22	0	0	1	0	0	0	0	0	0
07:04	0	16	0	1	1	0	2	0	1	18	0	0	0	1	0	3	0	0
08:01	0	0	0	0	0	170	0	0	0	0	0	346	0	0	0	0	0	0
08:02	0	0	0	0	0	65	0	0	3	0	0	0	0	0	0	1	0	0
08:03	0	0	0	0	0	3	0	0	0	0	0	326	0	0	0	0	0	0
12:03	0	0	0	5	4	2	32	0	19	6	0	0	0	0	0	49	2	0
14:02	10	18	18	49	43	28	23	0	48	53	21	8	0	6	0	5	3	2
14:03	0	0	0	0	0	0	0	0	0	0	0	0	0	0	108	0	0	0
15:02	2	10	215	64	2	2	0	0	4	2	0	0	2	2	2	0	275	1
15:04	0	0	0	0	0	0	0	0	0	0	0	0	0	0	0	77	0	0
15:05	0	0	1	1	4	1	1	0	1	1	0	0	0	0	0	414	1	0
15:11	0	147	0	0	0	0	0	0	0	0	0	0	0	0	0	0	0	0
16:01	0	0	1	12	4	0	0	0	0	0	1	0	0	1	0	0	0	8
16:02	0	0	1	0	0	0	0	0	0	0	0	0	1	0	2	0	564	0
16:04	0	0	0	0	0	0	0	0	0	0	0	0	0	0	0	0	194	0
17:01	0	0	0	0	1	0	7	1	1	0	0	0	0	0	0	0	1	0
18:01	0	0	0	0	13	4	0	0	0	0	0	1	0	0	0	0	0	0
