02:01	02:02	03:01	03:02	03:03	03:05	04:02	05:01	05:02	05:03	06:01	06:02	06:03	06:04	06:09
02:01	0	121	1754	445	345	0	285	521	5	141	3	1627	578	61	0
02:02	301	0	350	166	52	1	244	393	1	27	1	1503	461	32	0
03:01	655	163	0	2035	615	3	363	740	86	1922	19	1906	405	159	0
03:02	1434	156	429	0	61	42	578	290	0	474	5	1114	503	55	2
03:03	493	132	1422	397	0	0	477	274	406	93	8	849	653	153	3
03:04	2	0	118	380	0	0	0	0	0	1	0	3	1	3	0
03:19	0	0	0	0	0	0	0	0	0	0	0	16	0	0	0
04:02	274	11	29	130	5	0	0	73	0	28	1	343	116	75	0
05:01	220	152	292	449	173	0	23	0	3	46	9	1035	920	47	3
05:02	14	12	352	17	176	0	7	24	0	22	38	43	55	3	0
05:03	49	11	683	1165	62	0	167	458	4	0	3	399	53	14	0
05:04	22	495	17	0	0	0	1	1	0	5	0	0	1	0	0
06:01	125	34	52	72	20	0	28	8	2	7	0	36	14	2	0
06:02	317	73	897	615	176	0	159	481	5	391	5	0	680	251	0
06:03	747	131	1657	570	200	0	550	184	43	219	2	2813	0	91	0
06:04	267	50	766	82	48	0	145	44	6	61	2	941	456	0	6
06:09	100	3	55	33	13	0	6	11	1	0	1	129	21	3	0
